-9.710876486666663254e+00 3.255094583908395289e-02
-9.419545130510400099e+00 4.242991107575989213e-02
-9.046235276126804337e+00 1.647710754523874083e-02
-9.426210314632525566e+00 1.043143013650833957e-02
-9.307012024099897474e+00 6.063445713380933091e-03
-4.256872522426630390e+00 3.037734250794441038e-02
-4.168474973655549753e+00 7.204682945804197561e-03
-4.590431568230467718e+00 2.039177501288712280e-02
-4.697242103239489097e+00 1.554497145729588636e-02
-4.552137888768704954e+00 3.444357419523896152e-02
-4.167289630612034834e+00 3.414105919342944745e-02
-4.799436595856622745e+00 4.658698909962362411e-02
-4.898612634632192986e+00 4.847998542704678733e-05
-4.122805740671378061e+00 3.748621887933972774e-02
-4.017987335643285363e+00 5.462426790478614250e-03
-1.434824767007502277e+00 2.381905999315017675e-02
-1.901746797094040931e+00 1.850805375892790317e-02
-1.529935270178494733e+00 4.869984716314524481e-02
-1.721105169646581778e+00 3.454566067858107214e-02
-1.649383452509304737e+00 4.979073176599797812e-02
1.360999939778562151e-03 4.642703787912066948e-01
3.914164506029167434e-01 3.362402274937797308e+00
8.961967089755523697e-01 4.060301008527879674e+00
5.806411970444813608e-02 4.394642235033546562e+00
1.223792805764228886e-01 1.848141620560756593e+00
1.078859252987742767e-01 5.639084090661650173e-01
5.167921288407812952e-01 2.922819145330392665e+00
4.925883234979754333e-01 1.703358986309948087e+00
9.733486032874095750e-01 3.815293176012964693e+00
2.252130763463411345e-02 2.371276203372889579e+00
1.396943366979319645e-01 2.729827003730511681e-01
3.960663931331068754e-01 6.742371872653973863e-02
8.612262188380637173e-01 9.750016881577089345e-01
4.390899647870334377e-01 3.187971980493161439e+00
4.032115493109377224e-01 4.039664295539894923e+00
6.305768759387588851e-01 3.624385427145747407e+00
8.295469195428523124e-01 2.607470393470473491e-01
9.344399755983778810e-02 4.548836071991345875e+00
9.399005679000372870e-01 9.167451353647504408e-01
6.294476670559692177e-01 3.051867303461075487e+00
4.000852506240982764e-01 8.717738603460306601e-01
1.951741601302102724e-01 6.866369914710973577e-01
5.613643011950760764e-01 4.084937089725281467e+00
9.230360331568204790e-01 4.547610187167363094e+00
4.969139175439770684e-01 2.019838356696229908e+00
9.473673945943182906e-01 4.812750913571609779e+00
8.920094910831659618e-01 3.358215747318919586e+00
4.842330642052704581e-01 3.317127676185820384e+00
3.229462358806317601e-01 2.067419424088948965e+00
3.359584691358891151e-01 3.309107061763028046e+00
2.277325447720229823e-01 1.300845944639570817e+00
7.667045025716150430e-01 1.005406388825470509e+00
9.262943672942021145e-01 1.581734302069910836e+00
5.432243362792216201e-01 4.499766972732160752e+00
5.923455339087216887e-01 4.237073059480001014e-01
4.517725521482705009e-01 3.017714330972359527e+00
8.879617870343072816e-01 3.286176970552698418e+00
1.910308863902632215e-02 3.927974249543580987e-01
4.421879476646062290e-02 3.274963840755056754e+00
7.051836602649530494e-01 4.858072409335362218e-01
2.125232274704494939e-01 2.289958308391337294e+00
4.087721865584946768e-01 2.554355932367680104e-01
3.598900662079963508e-01 5.914064048556266773e-02
7.139975791780415193e-01 2.403343610359157001e+00
8.619735368538208320e-01 2.731444166014294517e+00
4.584495059176247889e-01 4.873609789100949108e+00
1.760195245101714434e-01 1.858423812555478172e+00
2.997471304935567238e-01 1.447960366623736173e+00
5.325828992562573472e-01 2.963296299597216077e+00
8.100737356855538529e-01 4.879487738105993344e+00
6.889781876913403380e-01 4.674729683136980007e+00
1.918553263065072567e-01 4.635100616719556754e+00
3.876672267046872289e-01 4.409597422184731386e+00
1.642535286885515866e-02 2.828719147836331160e+00
3.155191935929047009e-02 2.146438686911469773e+00
7.681586651682326128e-01 4.080427981344029398e+00
3.791877002301656807e-01 1.040455410398602343e+00
4.076527032471632950e-04 2.701705942865805454e+00
1.855926332987745120e-01 1.247513351983604135e+00
8.609478174573870213e-01 1.504833164325817929e+00
5.138617985016091794e-02 4.171780993398360060e+00
5.281022834498387830e-01 2.585398202105084753e+00
8.565308202214277911e-01 4.672645467793301144e+00
3.803854479492658758e-01 4.966046269330693264e+00
5.997273683316997062e-01 2.767312300662387869e+00
1.010252335695456249e-01 8.291250715283632333e-01
8.925611955554939581e-01 2.034112119904121219e+00
4.509072187267209042e-01 4.056865547984811471e-01
1.946288035580209241e-01 3.303437122766126333e+00
8.284671868247850401e-01 1.934455570428470050e+00
3.066926551150334079e-01 2.312289071873840474e+00
6.308817122030552227e-01 5.654247942867612897e-01
1.150560767761041880e-01 4.287980273127104169e+00
2.827836237457234114e-01 6.015260263377691929e-01
2.007133270732672781e-01 8.222246308244957058e-01
5.122582048340809102e-01 2.647584360361573630e+00
2.777190695361247963e-01 2.908923980767805784e+00
4.802824984312725753e-01 3.434711858438331156e+00
8.422146288489419375e-01 6.385336500007299243e-01
6.281350833784552501e-01 2.903980903688001547e+00
8.799856998124773177e-01 4.813394503704959249e+00
3.809875023191450216e-01 2.449630289594163735e+00
4.899557235575091596e-02 2.339346298697597692e-01
6.985288759765018174e-02 9.504868353709722273e-01
5.228164089908317047e-01 2.328098072813015840e+00
3.183410249349045706e-01 3.688750670003301479e+00
1.072683444228603733e-01 2.739925244545218241e+00
5.400018840006316490e-01 4.229091385817008053e+00
3.470407186448809522e-01 2.926557839746091183e-01
5.173384893949312113e-01 9.801924038653442306e-01
1.811993137423156819e-01 9.777312065852211687e-01
4.623159921683801521e-01 2.315102744193049844e+00
9.738597324270709121e-01 1.394600517770622217e-01
8.496563003796073765e-01 1.325465792109159935e+00
5.060807397029364330e-01 3.097201878720179380e-01
8.998348679992826948e-01 3.928729264277726063e+00
7.680413668965095919e-01 1.115307195600056644e+00
3.505987167161225271e-01 1.873833653987746928e+00
3.333777078304273056e-01 1.152405556070941195e+00
5.746551022561349198e-01 2.929568734422264953e+00
6.512266056019262450e-01 3.781008071265446802e+00
8.130981197262088234e-02 9.837985432558038479e-01
8.038264436262935186e-01 6.075696897570970201e-01
8.334224418570997939e-01 4.668415419860170168e+00
6.813317368280840114e-01 4.363688283877241503e+00
9.690311749985508483e-01 4.156605916843085780e+00
7.623474232984589483e-01 2.538848112925712108e+00
5.305437071948275740e-01 1.763460845615989925e+00
7.397380008891130121e-01 2.649592423564927746e+00
9.299713466499434089e-01 1.659126494154932629e+00
7.888017421971097454e-01 2.477955891359794993e+00
7.315264900882487709e-01 3.832981745549001840e+00
9.998173095184925696e-02 9.943231906897792571e-01
8.154177090130279026e-01 3.345044908686689578e-01
9.314664103104849380e-01 2.462443844752821409e+00
5.446921025768178826e-01 1.461474578754961673e+00
8.946287522411606741e-01 8.369318767494648981e-01
1.360693145884107613e-01 3.985245871323979561e+00
2.242173288027047295e-01 3.948043733688579415e+00
8.205889954432858957e-01 4.030150993786599578e+00
1.491879707638806840e-01 2.023686691271209259e+00
8.206244791096911628e-01 4.565230371502516427e+00
9.457072432777747784e-01 2.959100402855677991e+00
9.066166129382952077e-01 2.408552346254241527e+00
3.348360267095336074e-01 4.506315348763740403e+00
7.861205845248306900e-01 3.793591667841442749e+00
1.660719483173317412e-01 2.833171559189503697e+00
2.071890226076129604e-01 1.441769311772578721e+00
2.052632740345954332e-01 1.146343039947464337e+00
6.598204386605250882e-01 1.450452073511751649e+00
-1.297491601636549197e+00 2.756123839225377292e-01
-1.959123995681940844e+00 4.297433602382712436e+00
-1.521346941817858678e+00 2.952793708458647526e+00
-1.189275242729658455e+00 2.467800418678672170e+00
-1.614463030683723099e+00 9.656617059461702901e-01
-1.984012651902299362e+00 4.215790164020015496e+00
-1.154287979621097637e+00 3.536850071188105460e+00
-1.903474807918210665e+00 4.806747020111295399e+00
-1.417798181000434976e+00 2.660440179544649286e+00
-1.112805830548837971e+00 4.267879005834704920e+00
-1.829741547034521965e+00 4.788581483886478196e-01
-1.423122056596704876e+00 1.873099402568406679e+00
-1.996463385985866479e+00 3.328523288479687370e+00
-1.047823752351397575e+00 7.031592242159717676e-01
-1.468343329062917313e+00 4.741241115605634882e+00
-1.832064678857395545e+00 3.479520974831117996e+00
-1.050574657625736430e+00 2.327343271723152363e+00
-1.598033821534140086e+00 4.773103222584849092e+00
-1.341747187480481607e+00 1.706541434059902329e+00
-1.429695538344656791e+00 2.068757616716168535e+00
-1.382599529765907942e+00 1.834574162309276613e+00
-1.108211228012537131e+00 4.464131801039237679e+00
-1.709295365495665742e+00 9.215346994957607230e-01
-1.149857270065558934e+00 4.901304220940342127e+00
-1.788629297529373607e+00 4.432922833020620956e+00
-1.320855111947211835e+00 6.537361678165837242e-01
-1.478383009140148419e+00 2.592407897038603082e+00
-1.179012645085367073e+00 4.236245119478547316e+00
-1.974448488206505647e+00 1.937659615445489480e+00
-1.856135504995954921e+00 7.067984396447196671e-01
-1.884839448082822333e+00 2.481668104995736091e+00
-1.816924017464280672e+00 1.283903328706131219e+00
-1.046023001940961983e+00 3.843337859525504996e+00
-1.684992735633468186e+00 7.231255987728357759e-01
-1.550296962058028249e+00 2.803998279550113715e+00
-1.411523948589219923e+00 7.719453857674968278e-01
-1.078396063855480147e+00 2.142489832728405208e+00
-1.073832427558945479e+00 2.877688286589410893e+00
-1.595350579045261785e+00 1.727614550538369542e+00
-1.006026089530805523e+00 1.727891274008087619e+00
-1.733945174308257897e+00 4.458462199392828396e+00
-1.788375500029455001e+00 1.040742624715038644e+00
-1.788726343317045497e+00 1.118240100751543675e+00
-1.099579851547153986e+00 4.164749070042758738e+00
-1.092840178017684183e+00 4.848317236721899626e+00
-1.963032664751996226e+00 4.487010310560038739e+00
-1.248825953767626284e+00 1.037650056914107388e+00
-1.446683141985283694e+00 1.013371042169588065e+00
-1.303529785110292938e+00 2.727181803953755423e+00
-1.296744391635952010e+00 3.833833813064374318e+00
6.072658715714429611e-02 1.385633532330767359e+00
1.800829847834072295e-01 1.706541221647685624e+00
6.318797966750122619e-02 9.690619480481993397e-01
6.851236486453511354e-01 4.469303590799335701e+00
1.500786817185839617e-01 4.329484443063346788e+00
8.924085083158090903e-01 1.909089436045160459e+00
5.491070254391164918e-01 1.959110012195772743e+00
9.022887015149990697e-01 2.754066319213068770e+00
4.824289164712269873e-01 3.389329802024101390e+00
8.536105309628819748e-01 3.402300612557213055e-01
1.657299402197121019e-02 1.118288171794706853e+00
3.232276160143092714e-01 1.611876034916177147e+00
6.163321504157481812e-01 1.322552942616692651e+00
1.366368020582682252e-01 2.919922431201289026e+00
7.815558114553839975e-01 1.456109377096382218e+00
3.420334965244766767e-01 4.124330602897888554e+00
9.464957512561383846e-01 4.611472139058589548e+00
5.000466524510518429e-01 1.410413005134678599e+00
8.269379207639968588e-01 2.385274614385331837e+00
2.426115246189735064e-01 4.602613090000109430e+00
1.430995800505384663e-01 3.124038870125361189e+00
9.993234945258994140e-01 1.172793076352147246e+00
5.975593583771589001e-01 9.913783194427694401e-01
7.487171942001873415e-01 1.077062368300018003e+00
5.742468642299134451e-01 4.694021863087546542e+00
1.298250754781314908e-01 1.929686465349126356e+00
9.992942492317775649e-01 2.745972640829558387e+00
7.179345586688208325e-01 3.743724624718352878e+00
4.514103583553623622e-01 2.250602711480254037e+00
3.922234444572442191e-01 2.999351121953480082e+00
2.632411189129566509e-01 4.193633296191983995e+00
6.922672197030254049e-01 9.440456487840920285e-01
7.773759232210365466e-01 3.098124455124859455e+00
1.660363694459912054e-01 3.011869927944130332e+00
9.902555517625648562e-01 6.309775972429471080e-01
1.051187922573196820e-01 3.953283549034897204e-01
1.549039645418393008e-01 1.371465442643715615e-01
3.919827261493896708e-01 2.301353206592858136e+00
5.440538064221805969e-01 1.560171437739843459e-02
2.011252744532431302e-01 1.552599597160578160e+00
9.906229549455670691e-01 4.622149390108321043e-01
2.658571491378449725e-01 3.895528315742971870e+00
8.659790973552683457e-01 2.844657494979397683e+00
4.287311712022972010e-01 2.719668484143280551e+00
4.153629724665398593e-01 4.135749353595262967e+00
5.276193842954857161e-03 3.108385680599985879e+00
9.117845391752765760e-01 4.138044264822223539e+00
7.317209630750962646e-01 3.347806319141293674e+00
1.963442664981321917e-01 2.218502617418734335e+00
4.317924005903195361e-02 4.843964159011004966e+00
4.923737040340661064e-01 1.261936047567335351e+00
8.428353622700688330e-01 1.180225713673779708e+00
6.117969604958558572e-01 1.573063062210472429e-01
4.892847737961780741e-02 4.840597929885351647e+00
7.510021174238146191e-01 3.365432651304024247e+00
5.301852636210598879e-01 2.701641143961008851e-01
5.964531784550994864e-01 7.360515916205379039e-01
1.908658445286131045e-01 2.264866863104060712e+00
3.590265916671365742e-01 3.937168244837269793e+00
9.577614551675224241e-01 1.190927240079738159e+00
2.738278121387963671e-01 1.650961991635924608e+00
9.305214461466899678e-01 3.977499377268196579e+00
3.434044192363239212e-02 2.685554547576638029e+00
8.477682852782506551e-01 2.849455396965725473e+00
9.854418147151692287e-01 1.209247028255274081e+00
3.765430639697483484e-01 1.235705285007320686e+00
6.147799865064673686e-01 1.608200966096547946e+00
5.134672997054288146e-01 2.183832929105766762e-01
5.415346247685571823e-01 2.052145731323556266e+00
4.283011168660973977e-01 4.284265312298976447e+00
3.680956298095698909e-01 1.695147063379601748e+00
4.023364986690303180e-02 2.392198151211491375e+00
5.732410641418639319e-01 2.717716349129944309e+00
8.453380221549358087e-01 1.857083563653618707e+00
8.354267400393718956e-01 1.461742589529133607e+00
6.530049740409532566e-01 1.755993140298156563e-01
4.864180013529144642e-01 9.301771284846827026e-01
5.848373273971552155e-02 9.772333802478527787e-01
1.467793051151476957e-01 8.162377666603576332e-01
7.045556082973605250e-01 3.600563988915029157e+00
9.824826784620129816e-01 4.457421400652211929e+00
3.639753925405730950e-02 9.202960312116037489e-02
6.701851134715405278e-01 2.367560962699449822e-01
1.191154374442970898e-02 2.236065067136041584e+00
3.140318780463291493e-02 4.675348780819863492e+00
3.118337357445198910e-01 3.789432480530371627e+00
5.284676184804101284e-01 2.155740021784446014e+00
7.943934884817410724e-01 4.339201194552638752e-01
2.023400912175501443e-01 1.736710293460598242e+00
7.328501214939077135e-01 3.323282983802788859e-01
8.679496400814659118e-01 2.668569270090271672e+00
1.116979304323296729e-01 1.326371902112808865e+00
6.232559468919426360e-01 2.534107758800321353e+00
8.822841978653344075e-01 2.685070885515806971e+00
9.887962422759977166e-01 1.157843449762927523e+00
7.655814824609278313e-01 4.560296721348528592e+00
1.264164285028739343e-01 2.168942242678179255e+00
8.977528953911411147e-01 1.387968355742365656e+00
2.857893803252081755e-01 4.190992611586294991e+00
9.792921912023244690e-02 1.108222764003073957e+00
7.962212029036174199e-01 2.248369098917774700e+00
7.601724710531809759e-02 2.508931924652311185e+00
7.289123259763985452e-01 2.198656506108782160e+00
1.470111147514997496e-01 1.755350187382553440e+00
2.537280524129004178e-02 4.289642384675468989e+00
6.668421901235023208e-01 8.127953134850546268e-01
5.861210223282764531e-02 1.602065352903264683e+00
2.649978297418589257e-01 2.364907206087241143e-01
8.159007718132440523e-01 3.670579165098363905e+00
9.474053702397592369e-01 4.925333436810105603e+00
9.460896600371244691e-01 3.129885769288903052e+00
8.779527103009283628e-01 2.178288467470972822e+00
7.027772873204419790e-01 1.771628700925822475e+00
8.060106812928966580e-01 3.594661194877380339e+00
9.461745591807282363e-01 1.181484969138391516e+00
6.232479703121329706e-01 4.225837607749713065e+00
7.811698353816431961e-02 2.034430237524086138e+00
9.153334461165418823e-01 3.045795862091346784e+00
8.344005487113644870e-01 2.146942743556175426e+00
4.747259082292778487e-01 4.899842268798452416e+00
1.824139253171188635e-01 1.078176848018605583e+00
6.225033102556241094e-01 4.222538025462354128e+00
9.331925716748737942e-01 4.676598777947756247e+00
7.795755594738735805e-01 2.576745688336319784e+00
5.800159142434415660e-01 4.110500289363726800e+00
3.000143877922533120e-01 2.941561228707794573e+00
4.187555084163517849e-01 7.390298217650020929e-01
6.754171221639478917e-01 1.489487498354657546e+00
2.581186350393191997e-01 1.043341930914050142e+00
6.489511260017988281e-02 3.620075997069692075e+00
7.205375287087023572e-02 3.316072664675016490e+00
3.584521874627053517e-01 8.663562931698143288e-01
2.777258787171407173e-01 1.984456410169587848e+00
2.438739905401682284e-01 3.581213831077467269e+00
3.673490341978261631e-01 1.140402235076511506e+00
9.688503890595550061e-01 2.601680977257210703e+00
2.549254438855949045e-01 2.244565094031478747e+00
8.493118131512013003e-01 4.915213751891694960e-01
9.435483640111571590e-01 2.266819884524985618e+00
3.201736298645412315e-01 4.530520683002052351e+00
7.868954096022886535e-01 1.299569517339540514e+00
8.555876840854158560e-01 4.124921431304549913e+00
2.442252505764634929e-01 3.122990934923452588e+00
6.705625296118493672e-01 3.437740009406866637e+00
2.429918930513222941e-01 4.985772593142579368e+00
7.339485793577913419e-01 5.198545885910127451e-01
3.039881159116031295e-01 2.186351393517885100e+00
8.864012557318243779e-01 4.691325521730144388e+00
9.728744337869077441e-01 1.501501319309728633e+00
4.626469786970076603e-01 2.482573527361208843e+00
7.722658888119472431e-01 1.925680042497841526e+00
2.211061181028036726e-01 3.214617044509897159e+00
3.666593279246207482e-01 4.809654822154470821e+00
4.271383728337300179e-01 2.637819212172118899e+00
3.991442297849178145e-01 4.419004413534766584e+00
2.134223689758425468e-01 1.266043528902935478e+00
4.998279039188124884e-02 7.309727424299466980e-01
5.990400551058473466e-01 2.767008260998125468e+00
3.577602791636138591e-01 1.273346478954842098e+00
4.446418084930764403e-01 4.663519395139578805e+00
5.451229293645013518e-01 3.805273110696743011e+00
8.854463706216983976e-01 3.571606271331271287e+00
7.526906561187511890e-01 1.243718614366036146e+00
4.282829689632786652e-01 3.598715217199912608e+00
3.550469041821793237e-01 4.092855862646464615e+00
6.545909505146305651e-01 1.403896135641932830e+00
5.727117597497920487e-01 1.776628870080147582e+00
6.331670023935166425e-01 5.067751694582367517e-01
8.207019231708292395e-01 1.870871053153544405e+00
2.890183478245081927e-01 4.194012550317650856e+00
2.115826275924722610e-01 4.431784739281711794e+00
5.710530953897828832e-01 4.280575786294993357e-01
4.240847921405932475e-02 1.522422913767212949e-01
5.853110193621071655e-01 2.434480837975212086e+00
6.056916745187650442e-01 2.631683320095316247e+00
8.073761213339645249e-01 4.480793030936349730e+00
5.373123527489994666e-01 3.681677446077657123e+00
3.070834628890830587e-01 3.853211800600536030e+00
1.207426625968073264e-01 4.339003277960381766e+00
2.979578328631335982e-01 4.910881067229279751e+00
6.182106725202949349e-01 7.564869995469702957e-01
6.980395735987464656e-01 4.985752515095946080e+00
9.934433556620071437e-01 3.653948857768496428e+00
5.866608277261300408e-01 4.394945963548781975e+00
7.730060463417073313e-01 3.837650106133098760e+00
7.332755682258018659e-02 4.182714949561333606e-01
9.990044147715199108e-01 1.191829853788530347e+00
3.158396567057852877e-03 6.801446680953177060e-01
8.205542677836005216e-01 2.937241567220035598e+00
6.318693443544409760e-02 1.424669678149345087e+00
4.872788261880437455e-01 1.182418334037492080e+00
5.716777247560560493e-01 2.672328108499622434e+00
5.886828317964678536e-01 4.128249900839636055e+00
5.382246114321705965e-01 1.713171322096678217e+00
5.517547101701225643e-02 1.159014997435686700e-01
6.535546901661766217e-01 2.288187555224758807e+00
5.381731076582674245e-01 4.054016055636436633e+00
3.841345709857485469e-01 3.041453094175993854e+00
3.353453785471661730e-01 4.418366638814729797e+00
4.243439444291743357e-01 1.884325784061789966e+00
3.435691710534578558e-01 7.941029568481555723e-01
7.511990211794982164e-01 6.540793230960062488e-01
4.663527491355392574e-01 3.083683708324555628e+00
8.407704489927184666e-01 3.028782012995743678e+00
6.846755848228981423e-01 2.797136774084149735e+00
6.888907163824302682e-01 2.813321440836985543e-01
2.723802090408852239e-01 3.529794707710925961e-01
3.882838190285367030e-01 8.705847062873356412e-01
4.520392308565687189e-01 3.632156395475621302e+00
2.925906084725546918e-01 8.609614318362218688e-01
2.806247068700551406e-02 2.946624645186597391e+00
8.839773937504606938e-01 4.406372531407790838e+00
1.797063385443279371e-01 4.213282875013943496e+00
3.324930808145852845e-01 4.316503246125169113e+00
4.520390981933627428e-01 3.837063592147853086e+00
6.520422127876552842e-01 2.261099928214753252e+00
5.843802802751110193e-01 5.146896427606545421e-01
8.752574294486753503e-01 1.799562317647608323e+00
7.428008283071693141e-01 2.930274100695422934e+00
6.688707982578223632e-02 1.770226438160532600e-01
2.575995242331186041e-01 6.609246969964144292e-01
2.087503347511338037e-01 1.519968587546657313e+00
4.823075581981579596e-01 3.072339428051260590e+00
7.091700886884553245e-01 2.320534641165392653e+00
1.978828302634072500e-02 4.353676230290180804e+00
3.042374089690408345e-01 3.540050694653380958e+00
1.590308616466090674e-01 2.620459325894882063e+00
9.887974013015776720e-03 7.995846334192951987e-01
5.590072326960338067e-01 1.072073593708203099e+00
3.433309926970952164e-01 4.349424407918405677e+00
9.670409219300000192e-01 3.700927456234364588e+00
4.942810289793375667e-03 3.953450082669231591e+00
9.826806876963792847e-01 7.803313225260455344e-01
2.856660502810250968e-01 3.409478261788235098e+00
5.678550227885660329e-01 3.049537179403610132e+00
9.424994740585935782e-01 1.738460377136805235e+00
8.499848992304420703e-01 4.724306532598080643e+00
3.803223686124956870e-01 4.216077947050708374e+00
1.468602674573372679e-01 2.402476414459073339e+00
2.029249921796104639e-01 4.053176968221555931e+00
8.087990292664133385e-01 1.254961248725465772e+00
8.824263909231233605e-02 4.454991479569078372e+00
7.116147644243523418e-01 2.806161756754184555e+00
8.436883450533160245e-01 3.344044936650465871e+00
9.375483556018072706e-01 3.141520727791460299e+00
6.382834632440370637e-01 2.275992154224690367e+00
5.139803702589096357e-02 8.929299147494007549e-01
5.744333316442447046e-01 2.298218005899428373e+00
9.188259093310999770e-01 3.045052305857214758e+00
2.277388057313300962e-02 4.286627216606475166e+00
4.361796525394463497e-01 2.453090357594128967e+00
7.756932525106011722e-01 4.564850586021372614e+00
9.318923036564626949e-01 3.239236337195414706e+00
3.615921330791584953e-01 1.801658167206890981e+00
5.849830459852622955e-02 1.959962469957508002e+00
3.876315588688765690e-01 2.870806875593467478e+00
6.173177835760562671e-01 4.324126189384919883e+00
8.859783685118712837e-01 3.342900617455918599e+00
1.670907830347746481e-01 6.702029702987244431e-01
6.572780724700766353e-02 4.375373690269884763e-01
6.075813933784707244e-01 4.289207679762944814e+00
5.046153963538690945e-01 8.641912118775091356e-01
9.803649014282768137e-01 4.006662728002935436e-01
5.983246016666257105e-01 2.294537145448909854e+00
1.774849245051807189e-01 1.046650545704956414e+00
8.249030704659132684e-02 2.566768495659143667e+00
7.683681668982209612e-01 3.582502660810598538e+00
9.958850173354981683e-01 3.068720115255777259e+00
1.751684367181278734e-01 4.463554045127212433e+00
5.924009424008402913e-02 1.339147918258687842e+00
6.923799275818700583e-01 4.341192044182234921e-01
6.137578267253290809e-01 3.981779598576823176e+00
9.902769289057573587e-01 4.294312530530209671e+00
8.894320663513576308e-01 4.150864426970039212e+00
4.974967437938845327e-01 3.306329435793846638e+00
9.228357106611466687e-01 1.860987236536855605e+00
9.285490248907437572e-01 4.711198091278395950e+00
7.891212890869286900e-01 3.468504056701772420e+00
5.308483135345576365e-02 2.991804613267479152e-01
1.716191092418737352e-01 2.297318238148467362e+00
8.791592085388836297e-01 1.387108727265884411e+00
5.721997945740560088e-01 3.043594403520033520e+00
3.561645965218857013e-01 1.856543103687764429e+00
7.989371130636766516e-01 1.870024281444019998e+00
1.008387086507391839e-01 3.307710865568117775e+00
4.949912039884163395e-02 1.683050825513530135e+00
2.956801439408638377e-01 3.284636952570073376e+00
8.942983051181968568e-01 3.198832260287381990e-01
5.309676169655576095e-01 1.916776439707462698e+00
1.308682792608862888e-01 4.411121591879162196e+00
9.100428543131360293e-01 1.254574824818783352e+00
1.828739545991011628e-01 6.046809493161164895e-01
4.288306788449860463e-01 4.338974249698170027e+00
4.251888587886674120e-01 3.074021865500625950e+00
7.362413277059831618e-02 1.669197358678436993e+00
9.250402765476395395e-03 3.834144665777190486e+00
5.519227604814366250e-01 2.932861406848612518e+00
9.062703620485995648e-01 4.988448806842384897e+00
8.146975225325953085e-01 3.156181212522030766e+00
4.460609805376863912e-01 2.485936739779127436e+00
8.282089620898652749e-01 4.955715738472788345e+00
3.458013388390321907e-01 1.875631631012375511e-01
5.126292576365651943e-01 4.500768422625167631e-01
9.530639884305208698e-01 1.720568715144874528e+00
6.986218592807634797e-01 1.450857833393813801e+00
3.092750633908076807e-01 2.711110648370074649e+00
6.086796911664289489e-01 1.832600172121828130e+00
6.396516092898038019e-01 1.993032461936233846e+00
3.750519437674202372e-01 4.562502713566636281e+00
8.264002283376562508e-01 2.742858478911945674e+00
8.666784039514854321e-01 5.910939687036181889e-01
4.101623918615815434e-01 1.931134578323481232e+00
2.803240657358567756e-01 2.805721145383230475e+00
4.334584487697097366e-01 3.106469549363448657e+00
2.500517204625415379e-01 4.646618882762571623e+00
8.918431757637607094e-01 2.653086611094761516e+00
9.682935237997886135e-01 3.492497303795538688e-01
9.536221546545420313e-01 4.073341140695185825e-01
5.013335906216563886e-01 1.064327510021782608e+00
4.244720990050767639e-01 1.278162521639430338e+00
7.481879305665077862e-01 9.116596393329512438e-02
8.006358690707321424e-01 2.477605584784630999e+00
1.939186282594984601e-02 4.233158255976094075e+00
6.298941212314713711e-01 4.464886138064925625e+00
4.681609321339292862e-01 1.999830211165692928e+00
2.921173082054236980e-01 4.923633651303410907e+00
3.238714394678164910e-01 6.749383870119557427e-01
1.076365762823255912e-01 4.899462577671958918e+00
6.221731342114587004e-01 2.984533272227261946e+00
4.727992313997320117e-02 4.214073030616604321e+00
1.749996570706546795e-01 3.117959227554786494e+00
1.392897288118954968e-01 3.513155019681117874e+00
1.419227746757856234e-02 1.540826833803465412e+00
2.735607332427796301e-01 1.369131375860021649e+00
5.058227721014990630e-01 4.382731391495311435e+00
4.612618328293316416e-02 3.086793817245760962e+00
8.375869967425894069e-01 4.825255953569867806e+00
2.200353592234051137e-01 6.303637354235858137e-01
6.086604769766256195e-01 3.153459122705192907e+00
7.900108854485781151e-01 1.160692315199335356e+00
9.515891355128693885e-01 3.719917389954104259e+00
8.621155271001372800e-01 3.232537638646260092e+00
9.837348310906470772e-01 8.378558619531961682e-01
7.575657117447675004e-01 3.005010190500057021e+00
3.946797051889174845e-01 2.846861636319802269e+00
7.271239957723950598e-01 3.880126341006044477e+00
8.662161505719788712e-01 1.502545821859784692e+00
8.980270195700957858e-01 8.037458192478663666e-01
9.889759343986533890e-01 3.032572767202662556e-01
1.319494274163443004e-01 5.210487826348086937e-02
9.081028359065251854e-01 3.877390089747870139e+00
5.889210640908542072e-01 2.151672872355048227e+00
7.836649558480611732e-01 1.495356813897893433e+00
5.259105647051758314e-01 6.268032551365260163e-01
6.799729607351462368e-01 3.679927209921359132e+00
7.518806681176694040e-01 3.471175326183016274e+00
8.906659624220190086e-01 4.680513370072366008e+00
4.398476436858397287e-01 3.512602809550712024e+00
1.414813971874260279e-01 4.222071317886035402e+00
3.788963456193327195e-01 3.710309294227480237e+00
1.250732265194041126e-01 2.394534535773871209e+00
2.793226768668820581e-01 4.064794525128847091e+00
7.382054335678126522e-01 8.778579205469044799e-01
1.102907944564091025e-02 2.717503873862994190e+00
5.308497114695387431e-01 2.071507128970453415e+00
4.376421398625726100e-01 4.857958440390072852e+00
8.790604654298300735e-01 4.629095138492671069e+00
2.062132118170016959e-01 3.089102638913739263e+00
5.409875598153576215e-01 3.240552931191089225e+00
7.099897702924979903e-01 2.878766650557729179e-01
7.573184126459706622e-01 3.718225242485981408e+00
5.332420751884880961e-01 3.987652922783630594e+00
9.311320351066555423e-01 4.135655647981734129e-01
7.789552051052178738e-01 4.304068141664603608e+00
4.944662132646076014e-01 1.549124349203609974e+00
1.548544029937493072e-01 2.685786330719292181e+00
8.814578855334846974e-01 2.797292831306307903e+00
4.082372259216771049e-01 2.538309357462287252e+00
6.460816797941932865e-01 1.243007437647701163e+00
8.121413423737605664e-01 4.656195962891562345e+00
4.613067701276695187e-01 3.410267629674355483e+00
3.179423545632178438e-01 4.331659752546076270e+00
8.307941744606314183e-01 4.819805449121590257e+00
2.467255507633954181e-01 2.162695002670671940e+00
8.525901120407204381e-01 4.154050476887974241e+00
1.360906139008182247e-01 3.652041706889157080e+00
6.104985847722735892e-01 1.518692298122770623e+00
5.858906172537723389e-01 4.405282732661895295e+00
7.635038335604202864e-01 2.996691237838914113e+00
3.891188108955621061e-01 2.212227691593045442e+00
2.314488065809223727e-01 2.710264795948856609e+00
6.056576093335375166e-01 7.460764407783776475e-01
1.274207516126901751e-01 5.521486689206223097e-01
5.876636003805371100e-01 2.020764784013672877e+00
4.774117315557777630e-01 2.387972299285963107e+00
9.261012645866273374e-01 3.043975553176048177e+00
7.619006069544458359e-01 2.137794628756044535e+00
5.851085755789786624e-02 9.137050553881725934e-01
7.738071803379149571e-01 3.171606389857427821e+00
3.932258695860209041e-01 3.784458474750167944e+00
1.410828192421919036e-01 7.725650107682707768e-01
2.466974567507809191e-01 2.884305674285884358e+00
2.806936909419240900e-01 1.170081245033065542e+00
3.983281390934177990e-01 1.004452003481189237e+00
6.211375967332523063e-01 9.542110834164690969e-01
3.457018145694190636e-01 3.415596949272205585e+00
2.823552878253190457e-01 2.629268909228850593e+00
3.023777210582982988e-01 3.998341672558797910e+00
5.967563245568389130e-01 3.394423644691311193e+00
5.353608655016830475e-01 3.079860778775273644e+00
7.964541986386898254e-01 3.777362398052210413e+00
3.085003189562537385e-01 4.423518844046392395e+00
2.690348279062030334e-01 4.343293745623751256e+00
5.237063375528613340e-01 2.974267627209183917e+00
9.212955592279568062e-01 4.438889201917489480e+00
8.741027912768826180e-01 1.288373369420638959e+00
1.832417518325305528e-01 4.852203985418929832e+00
2.414161190639193544e-01 1.672660089869427047e+00
6.812930702191604126e-01 4.427317120928796257e+00
6.935846445423493600e-01 4.265161798923907455e+00
9.849885469230541535e-01 1.399945279878751503e+00
7.917106427232505350e-01 1.636284809364519255e+00
2.725782404798338110e-02 3.176035320940806983e+00
6.316802258302017803e-01 4.297181584036857238e+00
5.277202652357624313e-01 4.514566155950573645e+00
6.248469715371520739e-01 2.410596244044458825e+00
4.853703538368123738e-01 3.346875838762164435e+00
9.183679366363621810e-01 4.886445563328391195e+00
1.037269545315182562e-01 2.953498027561743289e+00
4.620817425163692427e-02 4.727634586476531231e-01
5.859780763452111518e-01 7.731643367257112764e-01
4.829160093121533937e-01 1.856791048506110542e+00
6.057454937221868896e-01 4.374078047207022202e+00
2.005011868011453702e-01 5.644726116735165888e-02
5.826577559135093232e-02 4.518210781034905033e+00
9.921984669113470545e-02 4.458817679837569159e+00
4.208160043866615574e-01 1.679623400517126219e+00
1.945850688032509934e-01 2.231193618588846572e+00
6.474731307923380363e-01 4.470689250595725639e+00
5.134524489265165359e-01 3.415785320953163673e+00
2.191015100967245166e-01 3.789149540777908554e-01
5.638015903410646956e-01 2.370428790116166251e+00
8.076013704711807462e-01 4.813250903572063422e+00
2.630659877315275619e-01 2.144785203909367777e+00
5.030155372069590181e-01 4.660451150199522274e+00
5.249959963960191267e-01 2.811468901580064905e+00
4.413304809914265769e-01 2.100239541552173961e+00
3.426446183226061759e-02 2.127148315875426743e+00
8.831030010042557610e-01 2.131198587828737168e+00
3.747219863075923474e-02 4.677922947471776283e+00
4.868477837163232014e-01 1.752159802113620213e+00
9.866128693138045413e-01 2.395096678861545758e+00
7.601362657513427434e-01 3.091038149562337356e+00
9.377719453183898102e-01 7.947176216315626762e-01
4.037854965133124141e-01 4.385879214185893105e+00
5.134253908129594590e-01 4.908154619755919157e+00
9.460822518680596094e-01 2.818739282726831608e+00
3.318023642682313978e-01 2.362335420700619082e+00
4.814896965906656501e-01 3.929619548381018124e+00
6.625175447616817870e-01 3.943990433988558308e+00
6.123829784968027878e-01 4.631639220016647407e+00
9.474059360681889030e-01 3.688871237417419291e+00
5.469043722294016918e-01 1.565226234736105670e-01
4.613396230412758481e-01 1.640128888752732106e+00
4.664827721273634431e-01 1.440213915867567973e+00
6.487066337734909149e-01 2.196519651580261190e+00
1.520447704133979228e-01 4.817261086848779961e+00
1.257050415606500993e-01 9.474296504479284842e-02
6.794636446262297680e-01 6.724865836579108080e-01
1.134062555283685825e-01 1.733221412589451838e+00
6.519179370816746699e-01 2.988532495967935354e+00
1.248076772980264426e-01 3.227849735719078961e+00
9.279954924300437558e-02 3.204848874103847667e+00
9.664724054284372645e-01 4.160708606397884424e+00
9.929571803320834666e-01 4.971756040444264890e+00
9.717458753906582647e-01 2.875006420841157428e+00
6.516383499207893948e-01 8.085911337630230511e-01
3.525887188352961887e-01 9.794450873109328271e-01
6.270380300561221310e-01 2.116652759725960564e+00
4.892741924566893497e-01 1.649176989750966715e-01
3.434052304575607728e-01 4.400543075762008094e+00
8.739001590730737234e-01 5.243479659959182637e-01
9.655573794167555679e-01 4.549394429795762917e+00
1.969909923950443620e-01 1.683308538377158436e+00
1.168835109498268521e-01 1.750886706137712689e+00
3.575958842109372426e-02 5.331410074130271681e-01
6.843545166697448945e-01 1.080531422032069866e+00
9.116352106460969829e-01 2.345717589110793533e+00
8.377427012208079615e-01 4.775206274795379180e+00
1.612797834217805093e-01 3.544180728360651900e-01
1.632147731342966646e-01 8.766259684619615022e-01
7.443320378308744267e-01 3.436278222252968195e+00
3.447986345005447095e-01 4.363777523753908483e+00
1.629616521371394233e-01 3.931096946995501717e+00
9.558878994074609947e-01 1.022910056635160547e+00
2.142236966241027885e-01 3.618369042180339612e+00
9.946431164793659851e-01 2.105218890588161251e+00
3.197496879640363554e-01 6.285036803154686602e-01
6.842499937922119635e-02 2.886411701037187250e+00
3.825588730769149404e-01 4.395883076215524987e+00
4.776123204663338395e-01 1.520763298777663586e+00
4.592692623423966225e-02 3.653749063935852082e+00
6.974932854979006835e-01 2.977268815781120015e+00
7.333147691055007522e-01 1.736619558067697522e+00
2.270591862785407145e-01 3.256159166083182122e+00
6.499741240315702884e-01 9.413115887976097884e-01
2.406697778989437264e-01 4.156455497651746711e+00
2.542544057334328311e-01 4.979828425808612735e+00
2.173508498143406076e-02 4.322413803132123533e+00
2.914450251075294540e-01 2.680215488593653994e+00
6.013200285837227987e-01 4.808321370932667094e+00
2.305726972366815009e-01 4.804661497942416482e+00
7.776277595400066245e-01 2.476201737510459910e+00
2.735629308394621484e-01 6.942474862539527170e-01
8.075477329948909100e-01 4.103129396220667191e-01
4.650738653777418685e-01 3.361143505875419102e+00
8.031506009087245879e-01 3.069168964091488316e+00
7.641365255349595875e-01 3.205838780151746725e+00
5.795464906747971323e-02 1.169295284772915888e+00
8.969320060845636933e-01 3.912027072617468182e+00
6.425043371716918639e-01 5.485270474727510503e-01
9.937324403410695561e-01 3.729322613634479922e+00
1.718350792871181643e-01 1.704866008441750402e+00
6.575797580884986671e-01 3.134641632831003388e+00
7.602699295578790872e-01 1.176206038417472843e+00
1.562887580412823940e-01 1.472249676040528588e+00
2.121770710755809253e-01 2.893508107683205210e+00
2.196606833139967963e-01 1.726788017142542486e+00
3.265205074808668062e-01 2.346281629170558602e+00
6.719900965672335191e-01 4.282123091313402519e+00
8.171602349551388977e-01 4.022277542567105790e+00
6.027505989693362487e-01 4.959599611704313737e+00
9.622745378881744083e-01 3.814651452217732164e+00
6.302970558715973448e-01 4.980958201435902843e+00
7.783117963350029145e-01 3.733311853666987368e+00
8.383432864607535118e-01 3.235421340642524068e+00
3.591618675012685502e-01 6.363307725309436114e-01
7.484592404881733607e-01 4.040910301763803503e+00
7.968124868406244454e-01 4.763411252038046717e-01
8.418140621135175028e-01 2.091292470824177130e+00
7.934405827370398789e-01 4.384051890597398859e+00
8.424961885778471382e-01 4.042171209007744181e+00
5.909446171249758128e-01 1.315203872443145849e+00
8.088296621580230994e-01 4.035612602270814975e+00
7.067373388626443376e-01 1.447496680984493578e+00
9.087768786579890623e-01 4.297853969901617610e+00
1.144506184234281854e-01 1.985513751305499230e+00
4.609830329097924784e-01 3.883767848196684191e-01
4.981130749657904921e-01 3.973677613209688708e+00
9.083212844276090658e-01 2.898128122028734044e+00
4.245986619496322501e-01 4.370645753368363806e+00
7.768939385052778812e-01 4.744257003123320438e+00
5.077602267286485116e-03 2.598543886017512072e+00
6.014401341980507576e-01 2.528911240223426393e+00
1.780358109039364978e-01 3.137557306959664061e+00
1.051806796589487281e-01 1.180460249696988928e+00
6.016031966221802030e-03 5.287823781603451234e-01
5.014779824110129347e-01 2.820093918652790244e+00
4.055038214733218682e-01 2.840658448271391912e+00
9.127216659666219645e-01 1.084520355992970142e+00
5.149599707093842627e-01 1.903304157725053791e+00
5.660073101380319605e-01 2.236394814903691630e-01
2.581769498067510993e-01 4.841035463563536645e-01
9.111523117128874638e-01 3.558782437012561584e+00
4.906526862996763994e-01 1.734589703446236530e+00
7.931412103589440266e-01 1.608284915378560553e+00
6.203101649158410114e-01 2.707242023190044033e+00
7.935400183745175973e-01 5.078022500541068407e-02
3.750832291601309265e-01 4.798052185568436379e+00
6.947702541854472447e-01 1.888733660085599730e+00
1.846605258501103908e-01 3.467593666774130945e+00
1.996032312890582139e-01 2.968137892948197631e+00
1.333662979060517007e-01 9.896219099395375807e-01
4.048322563827602139e-01 1.291429871816681674e+00
7.987288362771025607e-01 2.906847539863621765e+00
8.893565718746330173e-01 7.289295917403587621e-01
3.175090152428171608e-01 3.113341112488947626e+00
8.072777727612799881e-01 2.079583252657341008e-01
3.922858174727221758e-01 2.004107266714912683e+00
6.857943049566496141e-01 1.454976810362748729e+00
5.226509425478704784e-01 1.906992877190730740e+00
2.390370132911734391e-01 3.426166630682569547e+00
2.988154872501487258e-01 3.569052630775830348e+00
2.792368954173508611e-01 2.875058756253137116e+00
1.902624596856373751e-01 4.125188926977418014e+00
6.232727847162783386e-01 4.776113676405871367e+00
7.071235761492594696e-01 3.612701737629669951e-01
9.655734345958644216e-02 1.797365861070223669e+00
8.693502574683709128e-01 3.494452456576671473e+00
9.061201669116438762e-01 2.027931074589490290e+00
4.296135660652444788e-02 4.299264601737707636e+00
1.085880963538932154e-01 2.171525531668203612e+00
4.833148775760174320e-01 2.431828436184618525e+00
1.291285312235437299e-01 3.247043701165680751e+00
7.748994179224897305e-01 4.005598456388691275e+00
3.414108736134685573e-01 2.262273292082455090e+00
8.508838201188133610e-01 3.864471294121134104e+00
7.948243776508459035e-01 2.424635525944836001e+00
2.855097525317759066e-01 2.251275011108182511e+00
3.165250013941633966e-02 4.323184290166510735e+00
7.273867326181453485e-01 1.539719719266474662e+00
9.673361520481497111e-01 4.071073107473052843e+00
8.998221069006280270e-01 4.830164308981351518e+00
1.794449140911428264e-01 1.305959854444177504e+00
9.349111885818668366e-01 4.774660803867611492e+00
4.819615210289773799e-01 8.570926733548756005e-03
1.394061101652399604e-02 3.773135147007200985e+00
8.961241880366014323e-01 4.461211756894027047e+00
6.256304507475848320e-01 2.802635951019616378e+00
6.085965732238227677e-01 3.706237564702539622e+00
1.008550855090351028e-01 9.505837246536902319e-01
9.789218343943266731e-01 2.750262641547294162e+00
8.612088517478625471e-01 3.187159905567020335e+00
3.191311276060273538e-01 3.453331482109758710e+00
6.524156110780482409e-01 1.398361116889245137e+00
7.135462297538631704e-01 6.019513898364192706e-01
1.781727672718412814e-01 2.529978507389971654e+00
4.725828569992418515e-02 1.417515162026332654e+00
3.289976389177006189e-01 3.196852893457124534e+00
3.487559406296988351e-01 2.877140175165017855e+00
9.311688300079119518e-01 9.767798069123029281e-01
4.495623034059127443e-01 2.568706697240924486e-01
5.653967767459910920e-01 3.727707533080204083e+00
5.910353871071828413e-01 2.348631702691405643e+00
1.192196823428931518e-01 1.375747641615319150e+00
7.581695545494944177e-01 1.440977491408827582e+00
5.435268121139101849e-01 8.086675844805035762e-01
2.002783778969569051e-01 1.862102858245692216e+00
5.512052047130436838e-01 3.275547292382702480e+00
9.676092699685825416e-01 7.278225055873388527e-01
7.726653191093506567e-01 2.968103768804386533e-01
5.270246116377795831e-01 4.111425690336415251e+00
6.968467216094254013e-01 9.737028807541653341e-01
3.024284199558904263e-01 3.407492215509258404e+00
4.982020296684018801e-01 3.038148086785763535e-02
4.806104673381251802e-01 5.014026123806641921e-01
3.006971042213359979e-01 2.409037963113293657e+00
3.039368520108207683e-01 4.350224913796367332e+00
6.069093794188122892e-01 4.797246436783194845e+00
4.415067380976485101e-01 4.969496934986129766e+00
4.342793005429443909e-01 2.201142443402858362e+00
2.511439118031090212e-01 2.846002247103573968e-02
9.416572357488561806e-02 4.080266246903255123e+00
2.951988974295315371e-01 2.916490120623187909e+00
3.340773472603096872e-01 4.963682627080839849e-01
2.792568516275411028e-01 3.005675644553720716e+00
8.654121557343180671e-01 2.113162580566897653e+00
4.899164459062221866e-01 2.684001792573088352e+00
9.148945340431799966e-01 5.274185439241857454e-01
7.313547867657501644e-01 4.112902227863489912e+00
-1.712644922665317537e+00 1.849507052021850839e+00
-1.344016334012334335e+00 2.855708903910728402e+00
-1.874547130649750315e+00 1.667433821226266266e+00
-1.446076370981418169e+00 4.897026370118682692e+00
-1.946661451909028617e+00 1.544651301458865422e+00
-1.540229530341921338e+00 1.368810363865847757e+00
-1.399391380567838183e+00 2.219589179317499550e+00
-1.889934139864366092e+00 2.738698952005424125e+00
-1.020369926568745811e+00 3.737052511558018431e+00
-1.267909991458992192e+00 1.513844040183848216e-01
-1.211039607538550111e+00 1.079028211065738319e+00
-1.174454738467433312e+00 8.040952534284362407e-01
-1.599088988882887419e+00 1.833207925344103595e+00
-1.360082454415376896e+00 3.754215478383926108e+00
-1.655059750304694877e+00 4.678697043272150857e-01
-1.107719762029012234e+00 1.375359466131222952e+00
-1.246503988511965089e+00 1.059188980510246125e+00
-1.878240591948435734e+00 3.570204958218742952e+00
-1.406787984663670388e+00 1.239043274279736817e+00
-1.658718270890032098e+00 4.774923400468527923e+00
-1.970682842913235699e+00 3.658051906880961379e+00
-1.350170090551434221e+00 1.295287808246239347e+00
-1.673722521314437106e+00 3.914724251415809597e+00
-1.063676526043043857e+00 3.113113228077603711e+00
-1.319213901556080648e+00 4.375421458542672504e+00
-1.333339732135443656e+00 3.860455169839833722e+00
-1.889344521429367818e+00 1.589923408072377864e+00
-1.758271995019077716e+00 3.354596107849657116e+00
-1.749758353177034653e+00 2.955951226449568203e+00
-1.205847579822250104e+00 2.137664890799939599e+00
-1.688651975670228289e+00 2.550596394918300813e+00
-1.696725841403630586e+00 3.213907786285916668e+00
-1.090153762476884003e+00 1.370308592336852538e+00
-1.071097539250821962e+00 9.732785116340542109e-01
-1.189629884522540593e+00 2.309602850080680447e+00
-1.744268586544940103e+00 2.649293983105836414e+00
-1.775542316534182596e+00 2.939356010984480072e+00
-1.936315499976296595e+00 2.982305435557586648e+00
-1.360390999182617300e+00 2.674470249372118413e-02
-1.994838369699812652e+00 3.782115801275587330e-01
-1.262019766311984981e+00 2.076458196614516805e-01
-1.780965123083229740e+00 1.366886799838000766e+00
-1.650023721880963246e+00 5.293475495548372045e-02
-1.136841600412495046e+00 1.471581354110568229e+00
-1.102849768572104816e+00 1.621748746982429878e+00
-1.179538978026876350e+00 2.214700445479658164e+00
-1.193838652663516076e+00 1.525701091462578596e+00
-1.124326326818003485e+00 5.007269916362988571e-01
-1.733906221233906031e+00 3.440318986955466229e+00
-1.381679647507031206e+00 1.570465633816224837e+00
4.695849778881453496e-01 4.675471607696825238e+00
1.803454153995761589e-01 4.133982503038719614e+00
9.885464045915377529e-01 2.063311630718905887e-01
7.968578373923632663e-01 4.330154761735101943e+00
1.379477746686688100e-01 1.050033928852411425e+00
3.163136311952816637e-01 1.265523569039577190e+00
5.328043566215370230e-01 3.921993954795719883e+00
7.091448824679311702e-01 4.692183945738162443e+00
6.761885256727233617e-01 3.260168948222579743e+00
1.010442360680972040e-01 1.259923135982310871e+00
6.634856673819499173e-01 4.548310551247533695e+00
1.252007290294553377e-01 1.344923873275930548e+00
3.144999498754219580e-01 1.809693265511291838e+00
1.476101830322344988e-01 3.539813729072643911e-01
8.256093994255232493e-01 2.481899297085836231e+00
5.844632668298578304e-01 2.839319738631594259e+00
1.329645518342117416e-01 4.320633967772612216e+00
5.935055105947060206e-01 4.453409940706015924e+00
2.519217441915769795e-01 1.914974869487430231e+00
4.265568810086979301e-01 3.579396225903539452e+00
5.052700872622449824e-01 2.105332525326809368e+00
3.492116342652833438e-01 1.685960569751006499e+00
8.706288172963215777e-01 5.605659870545215417e-01
8.320034201168517995e-01 1.840166746752932569e+00
7.452175036323708257e-01 3.901756454138233465e+00
5.754445511664771917e-01 4.728374606747886233e+00
4.704436868346228984e-02 7.298055246045515032e-01
7.828797397949449621e-01 3.558087178889111968e+00
9.183410181315064813e-01 2.160861585084617786e+00
5.618460384417244269e-01 1.987012644178443033e+00
4.533281935273432151e-01 1.416306643741102045e+00
6.865823397631820590e-01 7.383757070403379474e-01
8.102097573445433687e-01 3.915388356858093832e+00
3.427733214167284492e-01 1.091137356609493292e+00
5.619026051881748085e-01 5.544638389259270994e-01
5.280307285729524125e-01 1.775744544194203911e+00
2.033317633046644035e-01 3.004007801079746631e+00
6.143608226329079214e-01 3.435063692858464801e+00
6.955868157523374951e-01 4.516414711830548434e+00
2.818510173894115400e-01 3.211446234561716295e+00
4.121189209319349178e-01 3.320096899998759454e+00
6.523457343903624750e-01 4.959632626307396208e+00
4.914303808624198577e-01 1.783144063460570639e+00
5.165022001171368782e-01 3.415451633276895382e+00
5.902965430172497641e-01 4.138538406886482335e+00
8.138129441323191937e-01 4.675660567732997208e+00
7.650467036487720307e-01 3.463139209624712223e+00
9.352423292326643711e-01 4.079781956838902879e+00
9.411629410562841747e-01 4.874368377735949664e+00
5.479603416044448450e-01 4.818479008139002318e+00
8.875835474353708232e-01 6.547288803359863074e-02
4.038116869588267432e-01 2.592580429497216343e+00
1.222415746515908008e-01 1.878168212448003249e+00
3.943547253157032584e-01 3.394325679509867300e+00
9.261307911799671055e-01 2.667984557185347771e+00
7.971097007323413308e-01 2.588688084290600600e+00
5.400220234388508622e-01 4.738376836331471331e+00
5.451219762125829593e-01 2.082778776718896996e+00
1.672372361419560693e-01 3.678671614946671387e-01
5.596340004789631672e-01 3.984758945092242932e+00
2.763794936182839557e-02 4.861518364783434798e-01
8.475141414719693511e-01 9.947077662330999770e-01
8.432326968279163504e-01 2.056407466641848814e+00
9.065323775123471650e-01 1.770430134043350812e+00
6.242811919376639596e-01 2.870280909335383157e+00
2.714638455027135189e-01 1.184662114479344996e+00
3.120536428835951615e-01 4.193461790733007177e+00
3.554976692273128513e-01 4.214639645352550090e+00
3.078492113015890430e-01 1.597849946391300513e+00
5.645560948992192074e-01 2.945210295833351033e+00
1.960036700150640243e-01 4.066280590568244868e+00
2.403114862857697043e-01 3.458062558111568485e+00
3.862326623601765041e-01 8.973369666554276147e-01
5.475813697918325840e-01 1.809564198554857173e+00
2.552333891452014392e-01 4.363331254923706659e+00
9.545081691818513292e-01 4.265336012975867952e+00
4.566174554501429839e-01 1.821215326039182791e-02
5.229467336299472580e-01 2.408935774054782319e-01
1.560297539484171159e-01 3.645774614430347116e-01
6.229788271157440382e-01 4.638853243713914054e+00
9.975363923122582133e-01 4.243892927869796772e+00
3.282329892490571943e-01 4.709742647025078277e+00
2.298602221433730941e-01 2.308686492375751520e+00
5.841549771129399549e-01 2.603545181323607238e+00
7.272176145996198660e-01 4.011703130568161413e+00
4.867213187025267729e-01 2.679723586053111895e+00
6.452044727135536339e-01 4.445090406443116038e+00
5.437249759311324482e-02 4.971654742711757891e+00
8.300594479201011122e-01 4.242622678125408164e+00
5.814105201028511027e-01 4.866233969123904046e+00
4.503042986509538936e-01 7.290170991070915596e-01
8.636471113773891428e-01 5.672757919623899747e-01
6.564536336286941332e-01 2.095938843958209841e+00
6.234811822071477661e-01 4.968320236728908768e+00
1.837462833581982036e-02 4.813907206935438055e+00
2.038485471178422825e-01 1.535425876833535597e+00
2.487355550515115699e-01 4.397194149158941912e+00
8.117053114132670721e-01 4.128781956142201004e+00
5.313807010978585099e-01 1.028173140816619924e+00
1.190921244908123011e-01 3.160695368515971104e+00
